Timing : 128 4.35764
Timing : 256 17.7862

Timing : 128 9.18092
