      0        0        0        0        0        0        0        0        0        0        0        0        0        0        0        0        0        0        0        0        0        0        0        0        0        0        0        0        0        0        0        0        0        0        0        0        0        0        0        0        0        0        0        0        0        0        0        0        0        0        0        0        0        0        0        0        0        0        0        0        0        0        0        0        0        0        0        0        0        0        0        0        0        0        0        0        0        0        0        0        0        0        0        0        0        0        0        0        0        0        0        0        0        0        0        0        0        0        0        0  
      0  -7.3e+83  3.47e+85  -1.06e+87  2.36e+88  -4.05e+89  5.57e+90  -6.32e+91  6.03e+92  -4.89e+93  3.41e+94  -2.07e+95  1.09e+96  -5.04e+96  2.04e+97  -7.3e+97  2.3e+98  -6.39e+98  1.57e+99  -3.39e+99  6.46e+99  -1.08e+100  1.6e+100  -2.07e+100  2.36e+100  -2.36e+100  2.07e+100  -1.6e+100  1.08e+100  -6.46e+99  3.39e+99  -1.57e+99  6.39e+98  -2.3e+98  7.3e+97  -2.04e+97  5.04e+96  -1.09e+96  2.07e+95  -3.42e+94  4.88e+93  -6.13e+92  5.27e+91  -1.61e+91  -1.02e+91  -1.06e+91  -1.06e+91  -1.06e+91  -1.06e+91  -1.06e+91  -1.06e+91  -1.06e+91  -1.06e+91  -1.06e+91  -1.06e+91  -1.02e+91  -1.61e+91  5.27e+91  -6.13e+92  4.88e+93  -3.42e+94  2.07e+95  -1.09e+96  5.04e+96  -2.04e+97  7.3e+97  -2.3e+98  6.39e+98  -1.57e+99  3.39e+99  -6.46e+99  1.08e+100  -1.6e+100  2.07e+100  -2.36e+100  2.36e+100  -2.07e+100  1.6e+100  -1.08e+100  6.46e+99  -3.39e+99  1.57e+99  -6.39e+98  2.3e+98  -7.3e+97  2.04e+97  -5.04e+96  1.09e+96  -2.07e+95  3.41e+94  -4.89e+93  6.03e+92  -6.32e+91  5.57e+90  -4.05e+89  2.36e+88  -1.06e+87  3.47e+85  -7.3e+83        0  
      0  3.47e+85  -1.11e+87  2.58e+88  -4.63e+89  6.7e+90  -8.01e+91  8.06e+92  -6.92e+93  5.13e+94  -3.31e+95  1.86e+96  -9.22e+96  4.03e+97  -1.55e+98  5.3e+98  -1.61e+99  4.31e+99  -1.02e+100  2.16e+100  -4.02e+100  6.63e+100  -9.65e+100  1.24e+101  -1.41e+101  1.41e+101  -1.24e+101  9.65e+100  -6.63e+100  4.02e+100  -2.16e+100  1.02e+100  -4.31e+99  1.61e+99  -5.3e+98  1.55e+98  -4.03e+97  9.22e+96  -1.86e+96  3.31e+95  -5.13e+94  6.96e+93  -7.74e+92  1.13e+92  2.58e+91  3.29e+91  3.25e+91  3.25e+91  3.25e+91  3.25e+91  3.25e+91  3.25e+91  3.25e+91  3.25e+91  3.29e+91  2.58e+91  1.13e+92  -7.74e+92  6.96e+93  -5.13e+94  3.31e+95  -1.86e+96  9.22e+96  -4.03e+97  1.55e+98  -5.3e+98  1.61e+99  -4.31e+99  1.02e+100  -2.16e+100  4.02e+100  -6.63e+100  9.65e+100  -1.24e+101  1.41e+101  -1.41e+101  1.24e+101  -9.65e+100  6.63e+100  -4.02e+100  2.16e+100  -1.02e+100  4.31e+99  -1.61e+99  5.3e+98  -1.55e+98  4.03e+97  -9.22e+96  1.86e+96  -3.31e+95  5.13e+94  -6.92e+93  8.06e+92  -8.01e+91  6.7e+90  -4.63e+89  2.58e+88  -1.11e+87  3.47e+85        0  
      0  -1.06e+87  2.58e+88  -4.84e+89  7.34e+90  -9.21e+91  9.75e+92  -8.83e+93  6.91e+94  -4.72e+95  2.83e+96  -1.49e+97  6.96e+97  -2.88e+98  1.06e+99  -3.47e+99  1.01e+100  -2.62e+100  6.06e+100  -1.24e+101  2.27e+101  -3.68e+101  5.29e+101  -6.75e+101  7.62e+101  -7.62e+101  6.75e+101  -5.29e+101  3.68e+101  -2.27e+101  1.24e+101  -6.06e+100  2.62e+100  -1.01e+100  3.47e+99  -1.06e+99  2.88e+98  -6.96e+97  1.49e+97  -2.83e+96  4.72e+95  -6.92e+94  8.74e+93  -1.06e+93  5.74e+90  -9.37e+91  -8.59e+91  -8.64e+91  -8.64e+91  -8.64e+91  -8.64e+91  -8.64e+91  -8.64e+91  -8.59e+91  -9.37e+91  5.74e+90  -1.06e+93  8.74e+93  -6.92e+94  4.72e+95  -2.83e+96  1.49e+97  -6.96e+97  2.88e+98  -1.06e+99  3.47e+99  -1.01e+100  2.62e+100  -6.06e+100  1.24e+101  -2.27e+101  3.68e+101  -5.29e+101  6.75e+101  -7.62e+101  7.62e+101  -6.75e+101  5.29e+101  -3.68e+101  2.27e+101  -1.24e+101  6.06e+100  -2.62e+100  1.01e+100  -3.47e+99  1.06e+99  -2.88e+98  6.96e+97  -1.49e+97  2.83e+96  -4.72e+95  6.91e+94  -8.83e+93  9.75e+92  -9.21e+91  7.34e+90  -4.84e+89  2.58e+88  -1.06e+87        0  
      0  2.36e+88  -4.63e+89  7.34e+90  -9.65e+91  1.07e+93  -1.02e+94  8.43e+94  -6.08e+95  3.86e+96  -2.16e+97  1.08e+98  -4.76e+98  1.88e+99  -6.62e+99  2.08e+100  -5.86e+100  1.47e+101  -3.31e+101  6.64e+101  -1.19e+102  1.9e+102  -2.7e+102  3.41e+102  -3.84e+102  3.84e+102  -3.41e+102  2.7e+102  -1.9e+102  1.19e+102  -6.64e+101  3.31e+101  -1.47e+101  5.86e+100  -2.08e+100  6.62e+99  -1.88e+99  4.76e+98  -1.08e+98  2.16e+97  -3.86e+96  6.08e+95  -8.41e+94  1.04e+94  -8.55e+92  3.13e+92  2.09e+92  2.17e+92  2.16e+92  2.16e+92  2.16e+92  2.16e+92  2.17e+92  2.09e+92  3.13e+92  -8.55e+92  1.04e+94  -8.41e+94  6.08e+95  -3.86e+96  2.16e+97  -1.08e+98  4.76e+98  -1.88e+99  6.62e+99  -2.08e+100  5.86e+100  -1.47e+101  3.31e+101  -6.64e+101  1.19e+102  -1.9e+102  2.7e+102  -3.41e+102  3.84e+102  -3.84e+102  3.41e+102  -2.7e+102  1.9e+102  -1.19e+102  6.64e+101  -3.31e+101  1.47e+101  -5.86e+100  2.08e+100  -6.62e+99  1.88e+99  -4.76e+98  1.08e+98  -2.16e+97  3.86e+96  -6.08e+95  8.43e+94  -1.02e+94  1.07e+93  -9.65e+91  7.34e+90  -4.63e+89  2.36e+88        0  
      0  -4.05e+89  6.7e+90  -9.21e+91  1.07e+93  -1.07e+94  9.3e+94  -7.07e+95  4.74e+96  -2.82e+97  1.49e+98  -7.01e+98  2.96e+99  -1.12e+100  3.78e+100  -1.15e+101  3.12e+101  -7.64e+101  1.67e+102  -3.29e+102  5.78e+102  -9.09e+102  1.28e+103  -1.6e+103  1.8e+103  -1.8e+103  1.6e+103  -1.28e+103  9.09e+102  -5.78e+102  3.29e+102  -1.67e+102  7.64e+101  -3.12e+101  1.15e+101  -3.78e+100  1.12e+100  -2.96e+99  7.01e+98  -1.49e+98  2.82e+97  -4.74e+96  7.07e+95  -9.35e+94  1.02e+94  -1.59e+93  -4.22e+92  -5.21e+92  -5.14e+92  -5.14e+92  -5.14e+92  -5.14e+92  -5.21e+92  -4.22e+92  -1.59e+93  1.02e+94  -9.35e+94  7.07e+95  -4.74e+96  2.82e+97  -1.49e+98  7.01e+98  -2.96e+99  1.12e+100  -3.78e+100  1.15e+101  -3.12e+101  7.64e+101  -1.67e+102  3.29e+102  -5.78e+102  9.09e+102  -1.28e+103  1.6e+103  -1.8e+103  1.8e+103  -1.6e+103  1.28e+103  -9.09e+102  5.78e+102  -3.29e+102  1.67e+102  -7.64e+101  3.12e+101  -1.15e+101  3.78e+100  -1.12e+100  2.96e+99  -7.01e+98  1.49e+98  -2.82e+97  4.74e+96  -7.07e+95  9.3e+94  -1.07e+94  1.07e+93  -9.21e+91  6.7e+90  -4.05e+89        0  
      0  5.57e+90  -8.01e+91  9.75e+92  -1.02e+94  9.3e+94  -7.44e+95  5.26e+96  -3.3e+97  1.84e+98  -9.23e+98  4.14e+99  -1.67e+100  6.05e+100  -1.98e+101  5.8e+101  -1.53e+102  3.65e+102  -7.83e+102  1.51e+103  -2.61e+103  4.04e+103  -5.63e+103  7.02e+103  -7.84e+103  7.84e+103  -7.02e+103  5.63e+103  -4.04e+103  2.61e+103  -1.51e+103  7.83e+102  -3.65e+102  1.53e+102  -5.8e+101  1.98e+101  -6.05e+100  1.67e+100  -4.14e+99  9.23e+98  -1.84e+98  3.3e+97  -5.25e+96  7.45e+95  -9.19e+94  1.14e+94  1.91e+92  1.25e+93  1.16e+93  1.17e+93  1.17e+93  1.16e+93  1.25e+93  1.91e+92  1.14e+94  -9.19e+94  7.45e+95  -5.25e+96  3.3e+97  -1.84e+98  9.23e+98  -4.14e+99  1.67e+100  -6.05e+100  1.98e+101  -5.8e+101  1.53e+102  -3.65e+102  7.83e+102  -1.51e+103  2.61e+103  -4.04e+103  5.63e+103  -7.02e+103  7.84e+103  -7.84e+103  7.02e+103  -5.63e+103  4.04e+103  -2.61e+103  1.51e+103  -7.83e+102  3.65e+102  -1.53e+102  5.8e+101  -1.98e+101  6.05e+100  -1.67e+100  4.14e+99  -9.23e+98  1.84e+98  -3.3e+97  5.26e+96  -7.44e+95  9.3e+94  -1.02e+94  9.75e+92  -8.01e+91  5.57e+90        0  
      0  -6.32e+91  8.06e+92  -8.83e+93  8.43e+94  -7.07e+95  5.26e+96  -3.48e+97  2.05e+98  -1.09e+99  5.18e+99  -2.22e+100  8.6e+100  -3e+101  9.48e+101  -2.7e+102  6.95e+102  -1.62e+103  3.39e+103  -6.41e+103  1.09e+104  -1.67e+104  2.31e+104  -2.86e+104  3.18e+104  -3.18e+104  2.86e+104  -2.31e+104  1.67e+104  -1.09e+104  6.41e+103  -3.39e+103  1.62e+103  -6.95e+102  2.7e+102  -9.48e+101   3e+101  -8.6e+100  2.22e+100  -5.18e+99  1.09e+99  -2.05e+98  3.47e+97  -5.26e+96  7.05e+95  -8.68e+94  6.31e+93  -3.33e+93  -2.46e+93  -2.52e+93  -2.52e+93  -2.46e+93  -3.33e+93  6.31e+93  -8.68e+94  7.05e+95  -5.26e+96  3.47e+97  -2.05e+98  1.09e+99  -5.18e+99  2.22e+100  -8.6e+100   3e+101  -9.48e+101  2.7e+102  -6.95e+102  1.62e+103  -3.39e+103  6.41e+103  -1.09e+104  1.67e+104  -2.31e+104  2.86e+104  -3.18e+104  3.18e+104  -2.86e+104  2.31e+104  -1.67e+104  1.09e+104  -6.41e+103  3.39e+103  -1.62e+103  6.95e+102  -2.7e+102  9.48e+101  -3e+101  8.6e+100  -2.22e+100  5.18e+99  -1.09e+99  2.05e+98  -3.48e+97  5.26e+96  -7.07e+95  8.43e+94  -8.83e+93  8.06e+92  -6.32e+91        0  
      0  6.03e+92  -6.92e+93  6.91e+94  -6.08e+95  4.74e+96  -3.3e+97  2.05e+98  -1.15e+99  5.8e+99  -2.64e+100  1.09e+101  -4.05e+101  1.37e+102  -4.18e+102  1.16e+103  -2.91e+103  6.6e+103  -1.36e+104  2.52e+104  -4.24e+104  6.43e+104  -8.79e+104  1.08e+105  -1.2e+105  1.2e+105  -1.08e+105  8.79e+104  -6.43e+104  4.24e+104  -2.52e+104  1.36e+104  -6.6e+103  2.91e+103  -1.16e+103  4.18e+102  -1.37e+102  4.05e+101  -1.09e+101  2.64e+100  -5.8e+99  1.15e+99  -2.05e+98  3.3e+97  -4.74e+96  6.13e+95  -6.39e+94  1.21e+94  4.59e+93  5.24e+93  5.24e+93  4.59e+93  1.21e+94  -6.39e+94  6.13e+95  -4.74e+96  3.3e+97  -2.05e+98  1.15e+99  -5.8e+99  2.64e+100  -1.09e+101  4.05e+101  -1.37e+102  4.18e+102  -1.16e+103  2.91e+103  -6.6e+103  1.36e+104  -2.52e+104  4.24e+104  -6.43e+104  8.79e+104  -1.08e+105  1.2e+105  -1.2e+105  1.08e+105  -8.79e+104  6.43e+104  -4.24e+104  2.52e+104  -1.36e+104  6.6e+103  -2.91e+103  1.16e+103  -4.18e+102  1.37e+102  -4.05e+101  1.09e+101  -2.64e+100  5.8e+99  -1.15e+99  2.05e+98  -3.3e+97  4.74e+96  -6.08e+95  6.91e+94  -6.92e+93  6.03e+92        0  
      0  -4.89e+93  5.13e+94  -4.72e+95  3.86e+96  -2.82e+97  1.84e+98  -1.09e+99  5.8e+99  -2.79e+100  1.22e+101  -4.84e+101  1.74e+102  -5.69e+102  1.69e+103  -4.57e+103  1.12e+104  -2.49e+104  5.04e+104  -9.22e+104  1.53e+105  -2.29e+105  3.11e+105  -3.82e+105  4.23e+105  -4.23e+105  3.82e+105  -3.11e+105  2.29e+105  -1.53e+105  9.22e+104  -5.04e+104  2.49e+104  -1.12e+104  4.57e+103  -1.69e+103  5.69e+102  -1.74e+102  4.84e+101  -1.22e+101  2.79e+100  -5.8e+99  1.09e+99  -1.84e+98  2.82e+97  -3.87e+96  4.62e+95  -6.15e+94  -5.32e+93  -1.06e+94  -1.06e+94  -5.32e+93  -6.15e+94  4.62e+95  -3.87e+96  2.82e+97  -1.84e+98  1.09e+99  -5.8e+99  2.79e+100  -1.22e+101  4.84e+101  -1.74e+102  5.69e+102  -1.69e+103  4.57e+103  -1.12e+104  2.49e+104  -5.04e+104  9.22e+104  -1.53e+105  2.29e+105  -3.11e+105  3.82e+105  -4.23e+105  4.23e+105  -3.82e+105  3.11e+105  -2.29e+105  1.53e+105  -9.22e+104  5.04e+104  -2.49e+104  1.12e+104  -4.57e+103  1.69e+103  -5.69e+102  1.74e+102  -4.84e+101  1.22e+101  -2.79e+100  5.8e+99  -1.09e+99  1.84e+98  -2.82e+97  3.86e+96  -4.72e+95  5.13e+94  -4.89e+93        0  
      0  3.41e+94  -3.31e+95  2.83e+96  -2.16e+97  1.49e+98  -9.23e+98  5.18e+99  -2.64e+100  1.22e+101  -5.13e+101  1.96e+102  -6.85e+102  2.18e+103  -6.3e+103  1.66e+104  -3.99e+104  8.71e+104  -1.73e+105  3.12e+105  -5.12e+105  7.6e+105  -1.02e+106  1.25e+106  -1.38e+106  1.38e+106  -1.25e+106  1.02e+106  -7.6e+105  5.12e+105  -3.12e+105  1.73e+105  -8.71e+104  3.99e+104  -1.66e+104  6.3e+103  -2.18e+103  6.85e+102  -1.96e+102  5.13e+101  -1.22e+101  2.64e+100  -5.18e+99  9.23e+98  -1.49e+98  2.16e+97  -2.81e+96  3.5e+95  -1.51e+94  2.22e+94  2.22e+94  -1.51e+94  3.5e+95  -2.81e+96  2.16e+97  -1.49e+98  9.23e+98  -5.18e+99  2.64e+100  -1.22e+101  5.13e+101  -1.96e+102  6.85e+102  -2.18e+103  6.3e+103  -1.66e+104  3.99e+104  -8.71e+104  1.73e+105  -3.12e+105  5.12e+105  -7.6e+105  1.02e+106  -1.25e+106  1.38e+106  -1.38e+106  1.25e+106  -1.02e+106  7.6e+105  -5.12e+105  3.12e+105  -1.73e+105  8.71e+104  -3.99e+104  1.66e+104  -6.3e+103  2.18e+103  -6.85e+102  1.96e+102  -5.13e+101  1.22e+101  -2.64e+100  5.18e+99  -9.23e+98  1.49e+98  -2.16e+97  2.83e+96  -3.31e+95  3.41e+94        0  
      0  -2.07e+95  1.86e+96  -1.49e+97  1.08e+98  -7.01e+98  4.14e+99  -2.22e+100  1.09e+101  -4.84e+101  1.96e+102  -7.29e+102  2.47e+103  -7.64e+103  2.16e+104  -5.57e+104  1.31e+105  -2.81e+105  5.5e+105  -9.8e+105  1.59e+106  -2.34e+106  3.13e+106  -3.8e+106  4.19e+106  -4.19e+106  3.8e+106  -3.13e+106  2.34e+106  -1.59e+106  9.8e+105  -5.5e+105  2.81e+105  -1.31e+105  5.57e+104  -2.16e+104  7.64e+103  -2.47e+103  7.29e+102  -1.96e+102  4.84e+101  -1.09e+101  2.22e+100  -4.14e+99  7.01e+98  -1.08e+98  1.49e+97  -1.9e+96  1.74e+95  -5.36e+94  -5.36e+94  1.74e+95  -1.9e+96  1.49e+97  -1.08e+98  7.01e+98  -4.14e+99  2.22e+100  -1.09e+101  4.84e+101  -1.96e+102  7.29e+102  -2.47e+103  7.64e+103  -2.16e+104  5.57e+104  -1.31e+105  2.81e+105  -5.5e+105  9.8e+105  -1.59e+106  2.34e+106  -3.13e+106  3.8e+106  -4.19e+106  4.19e+106  -3.8e+106  3.13e+106  -2.34e+106  1.59e+106  -9.8e+105  5.5e+105  -2.81e+105  1.31e+105  -5.57e+104  2.16e+104  -7.64e+103  2.47e+103  -7.29e+102  1.96e+102  -4.84e+101  1.09e+101  -2.22e+100  4.14e+99  -7.01e+98  1.08e+98  -1.49e+97  1.86e+96  -2.07e+95        0  
      0  1.09e+96  -9.22e+96  6.96e+97  -4.76e+98  2.96e+99  -1.67e+100  8.6e+100  -4.05e+101  1.74e+102  -6.85e+102  2.47e+103  -8.14e+103  2.46e+104  -6.79e+104  1.72e+105  -3.97e+105  8.39e+105  -1.62e+106  2.85e+106  -4.57e+106  6.67e+106  -8.87e+106  1.07e+107  -1.18e+107  1.18e+107  -1.07e+107  8.87e+106  -6.67e+106  4.57e+106  -2.85e+106  1.62e+106  -8.39e+105  3.97e+105  -1.72e+105  6.79e+104  -2.46e+104  8.14e+103  -2.47e+103  6.85e+102  -1.74e+102  4.05e+101  -8.6e+100  1.67e+100  -2.96e+99  4.76e+98  -6.96e+97  9.28e+96  -1.04e+96  1.67e+95  1.67e+95  -1.04e+96  9.28e+96  -6.96e+97  4.76e+98  -2.96e+99  1.67e+100  -8.6e+100  4.05e+101  -1.74e+102  6.85e+102  -2.47e+103  8.14e+103  -2.46e+104  6.79e+104  -1.72e+105  3.97e+105  -8.39e+105  1.62e+106  -2.85e+106  4.57e+106  -6.67e+106  8.87e+106  -1.07e+107  1.18e+107  -1.18e+107  1.07e+107  -8.87e+106  6.67e+106  -4.57e+106  2.85e+106  -1.62e+106  8.39e+105  -3.97e+105  1.72e+105  -6.79e+104  2.46e+104  -8.14e+103  2.47e+103  -6.85e+102  1.74e+102  -4.05e+101  8.6e+100  -1.67e+100  2.96e+99  -4.76e+98  6.96e+97  -9.22e+96  1.09e+96        0  
      0  -5.04e+96  4.03e+97  -2.88e+98  1.88e+99  -1.12e+100  6.05e+100  -3e+101  1.37e+102  -5.69e+102  2.18e+103  -7.64e+103  2.46e+104  -7.26e+104  1.97e+105  -4.88e+105  1.11e+106  -2.31e+106  4.4e+106  -7.66e+106  1.22e+107  -1.76e+107  2.33e+107  -2.81e+107  3.09e+107  -3.09e+107  2.81e+107  -2.33e+107  1.76e+107  -1.22e+107  7.66e+106  -4.4e+106  2.31e+106  -1.11e+106  4.88e+105  -1.97e+105  7.26e+104  -2.46e+104  7.64e+103  -2.18e+103  5.69e+102  -1.37e+102   3e+101  -6.05e+100  1.12e+100  -1.88e+99  2.88e+98  -4.04e+97  4.99e+96  -6.21e+95  -6.21e+95  4.99e+96  -4.04e+97  2.88e+98  -1.88e+99  1.12e+100  -6.05e+100   3e+101  -1.37e+102  5.69e+102  -2.18e+103  7.64e+103  -2.46e+104  7.26e+104  -1.97e+105  4.88e+105  -1.11e+106  2.31e+106  -4.4e+106  7.66e+106  -1.22e+107  1.76e+107  -2.33e+107  2.81e+107  -3.09e+107  3.09e+107  -2.81e+107  2.33e+107  -1.76e+107  1.22e+107  -7.66e+106  4.4e+106  -2.31e+106  1.11e+106  -4.88e+105  1.97e+105  -7.26e+104  2.46e+104  -7.64e+103  2.18e+103  -5.69e+102  1.37e+102  -3e+101  6.05e+100  -1.12e+100  1.88e+99  -2.88e+98  4.03e+97  -5.04e+96        0  
      0  2.04e+97  -1.55e+98  1.06e+99  -6.62e+99  3.78e+100  -1.98e+101  9.48e+101  -4.18e+102  1.69e+103  -6.3e+103  2.16e+104  -6.79e+104  1.97e+105  -5.22e+105  1.28e+106  -2.86e+106  5.87e+106  -1.1e+107  1.9e+107  -3e+107  4.32e+107  -5.69e+107  6.83e+107  -7.49e+107  7.49e+107  -6.83e+107  5.69e+107  -4.32e+107   3e+107  -1.9e+107  1.1e+107  -5.87e+106  2.86e+106  -1.28e+106  5.22e+105  -1.97e+105  6.79e+104  -2.16e+104  6.3e+103  -1.69e+103  4.18e+102  -9.48e+101  1.98e+101  -3.78e+100  6.62e+99  -1.06e+99  1.55e+98  -2.05e+97  2.39e+96  2.39e+96  -2.05e+97  1.55e+98  -1.06e+99  6.62e+99  -3.78e+100  1.98e+101  -9.48e+101  4.18e+102  -1.69e+103  6.3e+103  -2.16e+104  6.79e+104  -1.97e+105  5.22e+105  -1.28e+106  2.86e+106  -5.87e+106  1.1e+107  -1.9e+107   3e+107  -4.32e+107  5.69e+107  -6.83e+107  7.49e+107  -7.49e+107  6.83e+107  -5.69e+107  4.32e+107  -3e+107  1.9e+107  -1.1e+107  5.87e+106  -2.86e+106  1.28e+106  -5.22e+105  1.97e+105  -6.79e+104  2.16e+104  -6.3e+103  1.69e+103  -4.18e+102  9.48e+101  -1.98e+101  3.78e+100  -6.62e+99  1.06e+99  -1.55e+98  2.04e+97        0  
      0  -7.3e+97  5.3e+98  -3.47e+99  2.08e+100  -1.15e+101  5.8e+101  -2.7e+102  1.16e+103  -4.57e+103  1.66e+104  -5.57e+104  1.72e+105  -4.88e+105  1.28e+106  -3.07e+106  6.78e+106  -1.38e+107  2.56e+107  -4.38e+107  6.84e+107  -9.8e+107  1.28e+108  -1.54e+108  1.68e+108  -1.68e+108  1.54e+108  -1.28e+108  9.8e+107  -6.84e+107  4.38e+107  -2.56e+107  1.38e+107  -6.78e+106  3.07e+106  -1.28e+106  4.88e+105  -1.72e+105  5.57e+104  -1.66e+104  4.57e+103  -1.16e+103  2.7e+102  -5.8e+101  1.15e+101  -2.08e+100  3.47e+99  -5.31e+98  7.38e+97  -8.59e+96  -8.59e+96  7.38e+97  -5.31e+98  3.47e+99  -2.08e+100  1.15e+101  -5.8e+101  2.7e+102  -1.16e+103  4.57e+103  -1.66e+104  5.57e+104  -1.72e+105  4.88e+105  -1.28e+106  3.07e+106  -6.78e+106  1.38e+107  -2.56e+107  4.38e+107  -6.84e+107  9.8e+107  -1.28e+108  1.54e+108  -1.68e+108  1.68e+108  -1.54e+108  1.28e+108  -9.8e+107  6.84e+107  -4.38e+107  2.56e+107  -1.38e+107  6.78e+106  -3.07e+106  1.28e+106  -4.88e+105  1.72e+105  -5.57e+104  1.66e+104  -4.57e+103  1.16e+103  -2.7e+102  5.8e+101  -1.15e+101  2.08e+100  -3.47e+99  5.3e+98  -7.3e+97        0  
      0  2.3e+98  -1.61e+99  1.01e+100  -5.86e+100  3.12e+101  -1.53e+102  6.95e+102  -2.91e+103  1.12e+104  -3.99e+104  1.31e+105  -3.97e+105  1.11e+106  -2.86e+106  6.78e+106  -1.48e+107  2.97e+107  -5.48e+107  9.28e+107  -1.44e+108  2.05e+108  -2.68e+108  3.2e+108  -3.5e+108  3.5e+108  -3.2e+108  2.68e+108  -2.05e+108  1.44e+108  -9.28e+107  5.48e+107  -2.97e+107  1.48e+107  -6.78e+106  2.86e+106  -1.11e+106  3.97e+105  -1.31e+105  3.99e+104  -1.12e+104  2.91e+103  -6.95e+102  1.53e+102  -3.12e+101  5.86e+100  -1.01e+100  1.61e+99  -2.33e+98  2.77e+97  2.77e+97  -2.33e+98  1.61e+99  -1.01e+100  5.86e+100  -3.12e+101  1.53e+102  -6.95e+102  2.91e+103  -1.12e+104  3.99e+104  -1.31e+105  3.97e+105  -1.11e+106  2.86e+106  -6.78e+106  1.48e+107  -2.97e+107  5.48e+107  -9.28e+107  1.44e+108  -2.05e+108  2.68e+108  -3.2e+108  3.5e+108  -3.5e+108  3.2e+108  -2.68e+108  2.05e+108  -1.44e+108  9.28e+107  -5.48e+107  2.97e+107  -1.48e+107  6.78e+106  -2.86e+106  1.11e+106  -3.97e+105  1.31e+105  -3.99e+104  1.12e+104  -2.91e+103  6.95e+102  -1.53e+102  3.12e+101  -5.86e+100  1.01e+100  -1.61e+99  2.3e+98        0  
      0  -6.39e+98  4.31e+99  -2.62e+100  1.47e+101  -7.64e+101  3.65e+102  -1.62e+103  6.6e+103  -2.49e+104  8.71e+104  -2.81e+105  8.39e+105  -2.31e+106  5.87e+106  -1.38e+107  2.97e+107  -5.91e+107  1.08e+108  -1.82e+108  2.81e+108  -3.98e+108  5.17e+108  -6.16e+108  6.73e+108  -6.73e+108  6.16e+108  -5.17e+108  3.98e+108  -2.81e+108  1.82e+108  -1.08e+108  5.91e+107  -2.97e+107  1.38e+107  -5.87e+106  2.31e+106  -8.39e+105  2.81e+105  -8.71e+104  2.49e+104  -6.6e+103  1.62e+103  -3.65e+102  7.64e+101  -1.47e+101  2.62e+100  -4.31e+99  6.49e+98  -7.93e+97  -7.93e+97  6.49e+98  -4.31e+99  2.62e+100  -1.47e+101  7.64e+101  -3.65e+102  1.62e+103  -6.6e+103  2.49e+104  -8.71e+104  2.81e+105  -8.39e+105  2.31e+106  -5.87e+106  1.38e+107  -2.97e+107  5.91e+107  -1.08e+108  1.82e+108  -2.81e+108  3.98e+108  -5.17e+108  6.16e+108  -6.73e+108  6.73e+108  -6.16e+108  5.17e+108  -3.98e+108  2.81e+108  -1.82e+108  1.08e+108  -5.91e+107  2.97e+107  -1.38e+107  5.87e+106  -2.31e+106  8.39e+105  -2.81e+105  8.71e+104  -2.49e+104  6.6e+103  -1.62e+103  3.65e+102  -7.64e+101  1.47e+101  -2.62e+100  4.31e+99  -6.39e+98        0  
      0  1.57e+99  -1.02e+100  6.06e+100  -3.31e+101  1.67e+102  -7.83e+102  3.39e+103  -1.36e+104  5.04e+104  -1.73e+105  5.5e+105  -1.62e+106  4.4e+106  -1.1e+107  2.56e+107  -5.48e+107  1.08e+108  -1.96e+108  3.28e+108  -5.04e+108  7.11e+108  -9.22e+108  1.1e+109  -1.19e+109  1.19e+109  -1.1e+109  9.22e+108  -7.11e+108  5.04e+108  -3.28e+108  1.96e+108  -1.08e+108  5.48e+107  -2.56e+107  1.1e+107  -4.4e+106  1.62e+106  -5.5e+105  1.73e+105  -5.04e+104  1.36e+104  -3.39e+103  7.83e+102  -1.67e+102  3.31e+101  -6.06e+100  1.02e+100  -1.59e+99    2e+98    2e+98  -1.59e+99  1.02e+100  -6.06e+100  3.31e+101  -1.67e+102  7.83e+102  -3.39e+103  1.36e+104  -5.04e+104  1.73e+105  -5.5e+105  1.62e+106  -4.4e+106  1.1e+107  -2.56e+107  5.48e+107  -1.08e+108  1.96e+108  -3.28e+108  5.04e+108  -7.11e+108  9.22e+108  -1.1e+109  1.19e+109  -1.19e+109  1.1e+109  -9.22e+108  7.11e+108  -5.04e+108  3.28e+108  -1.96e+108  1.08e+108  -5.48e+107  2.56e+107  -1.1e+107  4.4e+106  -1.62e+106  5.5e+105  -1.73e+105  5.04e+104  -1.36e+104  3.39e+103  -7.83e+102  1.67e+102  -3.31e+101  6.06e+100  -1.02e+100  1.57e+99        0  
      0  -3.39e+99  2.16e+100  -1.24e+101  6.64e+101  -3.29e+102  1.51e+103  -6.41e+103  2.52e+104  -9.22e+104  3.12e+105  -9.8e+105  2.85e+106  -7.66e+106  1.9e+107  -4.38e+107  9.28e+107  -1.82e+108  3.28e+108  -5.45e+108  8.34e+108  -1.17e+109  1.52e+109  -1.8e+109  1.96e+109  -1.96e+109  1.8e+109  -1.52e+109  1.17e+109  -8.34e+108  5.45e+108  -3.28e+108  1.82e+108  -9.28e+107  4.38e+107  -1.9e+107  7.66e+106  -2.85e+106  9.8e+105  -3.12e+105  9.22e+104  -2.52e+104  6.41e+103  -1.51e+103  3.29e+102  -6.64e+101  1.24e+101  -2.16e+100  3.45e+99  -4.43e+98  -4.43e+98  3.45e+99  -2.16e+100  1.24e+101  -6.64e+101  3.29e+102  -1.51e+103  6.41e+103  -2.52e+104  9.22e+104  -3.12e+105  9.8e+105  -2.85e+106  7.66e+106  -1.9e+107  4.38e+107  -9.28e+107  1.82e+108  -3.28e+108  5.45e+108  -8.34e+108  1.17e+109  -1.52e+109  1.8e+109  -1.96e+109  1.96e+109  -1.8e+109  1.52e+109  -1.17e+109  8.34e+108  -5.45e+108  3.28e+108  -1.82e+108  9.28e+107  -4.38e+107  1.9e+107  -7.66e+106  2.85e+106  -9.8e+105  3.12e+105  -9.22e+104  2.52e+104  -6.41e+103  1.51e+103  -3.29e+102  6.64e+101  -1.24e+101  2.16e+100  -3.39e+99        0  
      0  6.46e+99  -4.02e+100  2.27e+101  -1.19e+102  5.78e+102  -2.61e+103  1.09e+104  -4.24e+104  1.53e+105  -5.12e+105  1.59e+106  -4.57e+106  1.22e+107  -3e+107  6.84e+107  -1.44e+108  2.81e+108  -5.04e+108  8.34e+108  -1.27e+109  1.78e+109  -2.3e+109  2.72e+109  -2.96e+109  2.96e+109  -2.72e+109  2.3e+109  -1.78e+109  1.27e+109  -8.34e+108  5.04e+108  -2.81e+108  1.44e+108  -6.84e+107   3e+107  -1.22e+107  4.57e+106  -1.59e+106  5.12e+105  -1.53e+105  4.24e+104  -1.09e+104  2.61e+103  -5.78e+102  1.19e+102  -2.27e+101  4.02e+100  -6.58e+99  8.63e+98  8.63e+98  -6.58e+99  4.02e+100  -2.27e+101  1.19e+102  -5.78e+102  2.61e+103  -1.09e+104  4.24e+104  -1.53e+105  5.12e+105  -1.59e+106  4.57e+106  -1.22e+107   3e+107  -6.84e+107  1.44e+108  -2.81e+108  5.04e+108  -8.34e+108  1.27e+109  -1.78e+109  2.3e+109  -2.72e+109  2.96e+109  -2.96e+109  2.72e+109  -2.3e+109  1.78e+109  -1.27e+109  8.34e+108  -5.04e+108  2.81e+108  -1.44e+108  6.84e+107  -3e+107  1.22e+107  -4.57e+106  1.59e+106  -5.12e+105  1.53e+105  -4.24e+104  1.09e+104  -2.61e+103  5.78e+102  -1.19e+102  2.27e+101  -4.02e+100  6.46e+99        0  
      0  -1.08e+100  6.63e+100  -3.68e+101  1.9e+102  -9.09e+102  4.04e+103  -1.67e+104  6.43e+104  -2.29e+105  7.6e+105  -2.34e+106  6.67e+106  -1.76e+107  4.32e+107  -9.8e+107  2.05e+108  -3.98e+108  7.11e+108  -1.17e+109  1.78e+109  -2.49e+109  3.21e+109  -3.79e+109  4.13e+109  -4.13e+109  3.79e+109  -3.21e+109  2.49e+109  -1.78e+109  1.17e+109  -7.11e+108  3.98e+108  -2.05e+108  9.8e+107  -4.32e+107  1.76e+107  -6.67e+106  2.34e+106  -7.6e+105  2.29e+105  -6.43e+104  1.67e+104  -4.04e+103  9.09e+102  -1.9e+102  3.68e+101  -6.63e+100  1.11e+100  -1.47e+99  -1.47e+99  1.11e+100  -6.63e+100  3.68e+101  -1.9e+102  9.09e+102  -4.04e+103  1.67e+104  -6.43e+104  2.29e+105  -7.6e+105  2.34e+106  -6.67e+106  1.76e+107  -4.32e+107  9.8e+107  -2.05e+108  3.98e+108  -7.11e+108  1.17e+109  -1.78e+109  2.49e+109  -3.21e+109  3.79e+109  -4.13e+109  4.13e+109  -3.79e+109  3.21e+109  -2.49e+109  1.78e+109  -1.17e+109  7.11e+108  -3.98e+108  2.05e+108  -9.8e+107  4.32e+107  -1.76e+107  6.67e+106  -2.34e+106  7.6e+105  -2.29e+105  6.43e+104  -1.67e+104  4.04e+103  -9.09e+102  1.9e+102  -3.68e+101  6.63e+100  -1.08e+100        0  
      0  1.6e+100  -9.65e+100  5.29e+101  -2.7e+102  1.28e+103  -5.63e+103  2.31e+104  -8.79e+104  3.11e+105  -1.02e+106  3.13e+106  -8.87e+106  2.33e+107  -5.69e+107  1.28e+108  -2.68e+108  5.17e+108  -9.22e+108  1.52e+109  -2.3e+109  3.21e+109  -4.12e+109  4.87e+109  -5.3e+109  5.3e+109  -4.87e+109  4.12e+109  -3.21e+109  2.3e+109  -1.52e+109  9.22e+108  -5.17e+108  2.68e+108  -1.28e+108  5.69e+107  -2.33e+107  8.87e+106  -3.13e+106  1.02e+106  -3.11e+105  8.79e+104  -2.31e+104  5.63e+103  -1.28e+103  2.7e+102  -5.29e+101  9.66e+100  -1.63e+100  2.2e+99  2.2e+99  -1.63e+100  9.66e+100  -5.29e+101  2.7e+102  -1.28e+103  5.63e+103  -2.31e+104  8.79e+104  -3.11e+105  1.02e+106  -3.13e+106  8.87e+106  -2.33e+107  5.69e+107  -1.28e+108  2.68e+108  -5.17e+108  9.22e+108  -1.52e+109  2.3e+109  -3.21e+109  4.12e+109  -4.87e+109  5.3e+109  -5.3e+109  4.87e+109  -4.12e+109  3.21e+109  -2.3e+109  1.52e+109  -9.22e+108  5.17e+108  -2.68e+108  1.28e+108  -5.69e+107  2.33e+107  -8.87e+106  3.13e+106  -1.02e+106  3.11e+105  -8.79e+104  2.31e+104  -5.63e+103  1.28e+103  -2.7e+102  5.29e+101  -9.65e+100  1.6e+100        0  
      0  -2.07e+100  1.24e+101  -6.75e+101  3.41e+102  -1.6e+103  7.02e+103  -2.86e+104  1.08e+105  -3.82e+105  1.25e+106  -3.8e+106  1.07e+107  -2.81e+107  6.83e+107  -1.54e+108  3.2e+108  -6.16e+108  1.1e+109  -1.8e+109  2.72e+109  -3.79e+109  4.87e+109  -5.76e+109  6.26e+109  -6.26e+109  5.76e+109  -4.87e+109  3.79e+109  -2.72e+109  1.8e+109  -1.1e+109  6.16e+108  -3.2e+108  1.54e+108  -6.83e+107  2.81e+107  -1.07e+107  3.8e+106  -1.25e+106  3.82e+105  -1.08e+105  2.86e+104  -7.02e+103  1.6e+103  -3.41e+102  6.75e+101  -1.24e+101  2.12e+100  -2.88e+99  -2.88e+99  2.12e+100  -1.24e+101  6.75e+101  -3.41e+102  1.6e+103  -7.02e+103  2.86e+104  -1.08e+105  3.82e+105  -1.25e+106  3.8e+106  -1.07e+107  2.81e+107  -6.83e+107  1.54e+108  -3.2e+108  6.16e+108  -1.1e+109  1.8e+109  -2.72e+109  3.79e+109  -4.87e+109  5.76e+109  -6.26e+109  6.26e+109  -5.76e+109  4.87e+109  -3.79e+109  2.72e+109  -1.8e+109  1.1e+109  -6.16e+108  3.2e+108  -1.54e+108  6.83e+107  -2.81e+107  1.07e+107  -3.8e+106  1.25e+106  -3.82e+105  1.08e+105  -2.86e+104  7.02e+103  -1.6e+103  3.41e+102  -6.75e+101  1.24e+101  -2.07e+100        0  
      0  2.36e+100  -1.41e+101  7.62e+101  -3.84e+102  1.8e+103  -7.84e+103  3.18e+104  -1.2e+105  4.23e+105  -1.38e+106  4.19e+106  -1.18e+107  3.09e+107  -7.49e+107  1.68e+108  -3.5e+108  6.73e+108  -1.19e+109  1.96e+109  -2.96e+109  4.13e+109  -5.3e+109  6.26e+109  -6.8e+109  6.8e+109  -6.26e+109  5.3e+109  -4.13e+109  2.96e+109  -1.96e+109  1.19e+109  -6.73e+108  3.5e+108  -1.68e+108  7.49e+107  -3.09e+107  1.18e+107  -4.19e+106  1.38e+106  -4.23e+105  1.2e+105  -3.18e+104  7.84e+103  -1.8e+103  3.84e+102  -7.62e+101  1.41e+101  -2.41e+100  3.3e+99  3.3e+99  -2.41e+100  1.41e+101  -7.62e+101  3.84e+102  -1.8e+103  7.84e+103  -3.18e+104  1.2e+105  -4.23e+105  1.38e+106  -4.19e+106  1.18e+107  -3.09e+107  7.49e+107  -1.68e+108  3.5e+108  -6.73e+108  1.19e+109  -1.96e+109  2.96e+109  -4.13e+109  5.3e+109  -6.26e+109  6.8e+109  -6.8e+109  6.26e+109  -5.3e+109  4.13e+109  -2.96e+109  1.96e+109  -1.19e+109  6.73e+108  -3.5e+108  1.68e+108  -7.49e+107  3.09e+107  -1.18e+107  4.19e+106  -1.38e+106  4.23e+105  -1.2e+105  3.18e+104  -7.84e+103  1.8e+103  -3.84e+102  7.62e+101  -1.41e+101  2.36e+100        0  
      0  -2.36e+100  1.41e+101  -7.62e+101  3.84e+102  -1.8e+103  7.84e+103  -3.18e+104  1.2e+105  -4.23e+105  1.38e+106  -4.19e+106  1.18e+107  -3.09e+107  7.49e+107  -1.68e+108  3.5e+108  -6.73e+108  1.19e+109  -1.96e+109  2.96e+109  -4.13e+109  5.3e+109  -6.26e+109  6.8e+109  -6.8e+109  6.26e+109  -5.3e+109  4.13e+109  -2.96e+109  1.96e+109  -1.19e+109  6.73e+108  -3.5e+108  1.68e+108  -7.49e+107  3.09e+107  -1.18e+107  4.19e+106  -1.38e+106  4.23e+105  -1.2e+105  3.18e+104  -7.84e+103  1.8e+103  -3.84e+102  7.62e+101  -1.41e+101  2.41e+100  -3.3e+99  -3.3e+99  2.41e+100  -1.41e+101  7.62e+101  -3.84e+102  1.8e+103  -7.84e+103  3.18e+104  -1.2e+105  4.23e+105  -1.38e+106  4.19e+106  -1.18e+107  3.09e+107  -7.49e+107  1.68e+108  -3.5e+108  6.73e+108  -1.19e+109  1.96e+109  -2.96e+109  4.13e+109  -5.3e+109  6.26e+109  -6.8e+109  6.8e+109  -6.26e+109  5.3e+109  -4.13e+109  2.96e+109  -1.96e+109  1.19e+109  -6.73e+108  3.5e+108  -1.68e+108  7.49e+107  -3.09e+107  1.18e+107  -4.19e+106  1.38e+106  -4.23e+105  1.2e+105  -3.18e+104  7.84e+103  -1.8e+103  3.84e+102  -7.62e+101  1.41e+101  -2.36e+100        0  
      0  2.07e+100  -1.24e+101  6.75e+101  -3.41e+102  1.6e+103  -7.02e+103  2.86e+104  -1.08e+105  3.82e+105  -1.25e+106  3.8e+106  -1.07e+107  2.81e+107  -6.83e+107  1.54e+108  -3.2e+108  6.16e+108  -1.1e+109  1.8e+109  -2.72e+109  3.79e+109  -4.87e+109  5.76e+109  -6.26e+109  6.26e+109  -5.76e+109  4.87e+109  -3.79e+109  2.72e+109  -1.8e+109  1.1e+109  -6.16e+108  3.2e+108  -1.54e+108  6.83e+107  -2.81e+107  1.07e+107  -3.8e+106  1.25e+106  -3.82e+105  1.08e+105  -2.86e+104  7.02e+103  -1.6e+103  3.41e+102  -6.75e+101  1.24e+101  -2.12e+100  2.88e+99  2.88e+99  -2.12e+100  1.24e+101  -6.75e+101  3.41e+102  -1.6e+103  7.02e+103  -2.86e+104  1.08e+105  -3.82e+105  1.25e+106  -3.8e+106  1.07e+107  -2.81e+107  6.83e+107  -1.54e+108  3.2e+108  -6.16e+108  1.1e+109  -1.8e+109  2.72e+109  -3.79e+109  4.87e+109  -5.76e+109  6.26e+109  -6.26e+109  5.76e+109  -4.87e+109  3.79e+109  -2.72e+109  1.8e+109  -1.1e+109  6.16e+108  -3.2e+108  1.54e+108  -6.83e+107  2.81e+107  -1.07e+107  3.8e+106  -1.25e+106  3.82e+105  -1.08e+105  2.86e+104  -7.02e+103  1.6e+103  -3.41e+102  6.75e+101  -1.24e+101  2.07e+100        0  
      0  -1.6e+100  9.65e+100  -5.29e+101  2.7e+102  -1.28e+103  5.63e+103  -2.31e+104  8.79e+104  -3.11e+105  1.02e+106  -3.13e+106  8.87e+106  -2.33e+107  5.69e+107  -1.28e+108  2.68e+108  -5.17e+108  9.22e+108  -1.52e+109  2.3e+109  -3.21e+109  4.12e+109  -4.87e+109  5.3e+109  -5.3e+109  4.87e+109  -4.12e+109  3.21e+109  -2.3e+109  1.52e+109  -9.22e+108  5.17e+108  -2.68e+108  1.28e+108  -5.69e+107  2.33e+107  -8.87e+106  3.13e+106  -1.02e+106  3.11e+105  -8.79e+104  2.31e+104  -5.63e+103  1.28e+103  -2.7e+102  5.29e+101  -9.66e+100  1.63e+100  -2.2e+99  -2.2e+99  1.63e+100  -9.66e+100  5.29e+101  -2.7e+102  1.28e+103  -5.63e+103  2.31e+104  -8.79e+104  3.11e+105  -1.02e+106  3.13e+106  -8.87e+106  2.33e+107  -5.69e+107  1.28e+108  -2.68e+108  5.17e+108  -9.22e+108  1.52e+109  -2.3e+109  3.21e+109  -4.12e+109  4.87e+109  -5.3e+109  5.3e+109  -4.87e+109  4.12e+109  -3.21e+109  2.3e+109  -1.52e+109  9.22e+108  -5.17e+108  2.68e+108  -1.28e+108  5.69e+107  -2.33e+107  8.87e+106  -3.13e+106  1.02e+106  -3.11e+105  8.79e+104  -2.31e+104  5.63e+103  -1.28e+103  2.7e+102  -5.29e+101  9.65e+100  -1.6e+100        0  
      0  1.08e+100  -6.63e+100  3.68e+101  -1.9e+102  9.09e+102  -4.04e+103  1.67e+104  -6.43e+104  2.29e+105  -7.6e+105  2.34e+106  -6.67e+106  1.76e+107  -4.32e+107  9.8e+107  -2.05e+108  3.98e+108  -7.11e+108  1.17e+109  -1.78e+109  2.49e+109  -3.21e+109  3.79e+109  -4.13e+109  4.13e+109  -3.79e+109  3.21e+109  -2.49e+109  1.78e+109  -1.17e+109  7.11e+108  -3.98e+108  2.05e+108  -9.8e+107  4.32e+107  -1.76e+107  6.67e+106  -2.34e+106  7.6e+105  -2.29e+105  6.43e+104  -1.67e+104  4.04e+103  -9.09e+102  1.9e+102  -3.68e+101  6.63e+100  -1.11e+100  1.47e+99  1.47e+99  -1.11e+100  6.63e+100  -3.68e+101  1.9e+102  -9.09e+102  4.04e+103  -1.67e+104  6.43e+104  -2.29e+105  7.6e+105  -2.34e+106  6.67e+106  -1.76e+107  4.32e+107  -9.8e+107  2.05e+108  -3.98e+108  7.11e+108  -1.17e+109  1.78e+109  -2.49e+109  3.21e+109  -3.79e+109  4.13e+109  -4.13e+109  3.79e+109  -3.21e+109  2.49e+109  -1.78e+109  1.17e+109  -7.11e+108  3.98e+108  -2.05e+108  9.8e+107  -4.32e+107  1.76e+107  -6.67e+106  2.34e+106  -7.6e+105  2.29e+105  -6.43e+104  1.67e+104  -4.04e+103  9.09e+102  -1.9e+102  3.68e+101  -6.63e+100  1.08e+100        0  
      0  -6.46e+99  4.02e+100  -2.27e+101  1.19e+102  -5.78e+102  2.61e+103  -1.09e+104  4.24e+104  -1.53e+105  5.12e+105  -1.59e+106  4.57e+106  -1.22e+107   3e+107  -6.84e+107  1.44e+108  -2.81e+108  5.04e+108  -8.34e+108  1.27e+109  -1.78e+109  2.3e+109  -2.72e+109  2.96e+109  -2.96e+109  2.72e+109  -2.3e+109  1.78e+109  -1.27e+109  8.34e+108  -5.04e+108  2.81e+108  -1.44e+108  6.84e+107  -3e+107  1.22e+107  -4.57e+106  1.59e+106  -5.12e+105  1.53e+105  -4.24e+104  1.09e+104  -2.61e+103  5.78e+102  -1.19e+102  2.27e+101  -4.02e+100  6.58e+99  -8.63e+98  -8.63e+98  6.58e+99  -4.02e+100  2.27e+101  -1.19e+102  5.78e+102  -2.61e+103  1.09e+104  -4.24e+104  1.53e+105  -5.12e+105  1.59e+106  -4.57e+106  1.22e+107  -3e+107  6.84e+107  -1.44e+108  2.81e+108  -5.04e+108  8.34e+108  -1.27e+109  1.78e+109  -2.3e+109  2.72e+109  -2.96e+109  2.96e+109  -2.72e+109  2.3e+109  -1.78e+109  1.27e+109  -8.34e+108  5.04e+108  -2.81e+108  1.44e+108  -6.84e+107   3e+107  -1.22e+107  4.57e+106  -1.59e+106  5.12e+105  -1.53e+105  4.24e+104  -1.09e+104  2.61e+103  -5.78e+102  1.19e+102  -2.27e+101  4.02e+100  -6.46e+99        0  
      0  3.39e+99  -2.16e+100  1.24e+101  -6.64e+101  3.29e+102  -1.51e+103  6.41e+103  -2.52e+104  9.22e+104  -3.12e+105  9.8e+105  -2.85e+106  7.66e+106  -1.9e+107  4.38e+107  -9.28e+107  1.82e+108  -3.28e+108  5.45e+108  -8.34e+108  1.17e+109  -1.52e+109  1.8e+109  -1.96e+109  1.96e+109  -1.8e+109  1.52e+109  -1.17e+109  8.34e+108  -5.45e+108  3.28e+108  -1.82e+108  9.28e+107  -4.38e+107  1.9e+107  -7.66e+106  2.85e+106  -9.8e+105  3.12e+105  -9.22e+104  2.52e+104  -6.41e+103  1.51e+103  -3.29e+102  6.64e+101  -1.24e+101  2.16e+100  -3.45e+99  4.43e+98  4.43e+98  -3.45e+99  2.16e+100  -1.24e+101  6.64e+101  -3.29e+102  1.51e+103  -6.41e+103  2.52e+104  -9.22e+104  3.12e+105  -9.8e+105  2.85e+106  -7.66e+106  1.9e+107  -4.38e+107  9.28e+107  -1.82e+108  3.28e+108  -5.45e+108  8.34e+108  -1.17e+109  1.52e+109  -1.8e+109  1.96e+109  -1.96e+109  1.8e+109  -1.52e+109  1.17e+109  -8.34e+108  5.45e+108  -3.28e+108  1.82e+108  -9.28e+107  4.38e+107  -1.9e+107  7.66e+106  -2.85e+106  9.8e+105  -3.12e+105  9.22e+104  -2.52e+104  6.41e+103  -1.51e+103  3.29e+102  -6.64e+101  1.24e+101  -2.16e+100  3.39e+99        0  
      0  -1.57e+99  1.02e+100  -6.06e+100  3.31e+101  -1.67e+102  7.83e+102  -3.39e+103  1.36e+104  -5.04e+104  1.73e+105  -5.5e+105  1.62e+106  -4.4e+106  1.1e+107  -2.56e+107  5.48e+107  -1.08e+108  1.96e+108  -3.28e+108  5.04e+108  -7.11e+108  9.22e+108  -1.1e+109  1.19e+109  -1.19e+109  1.1e+109  -9.22e+108  7.11e+108  -5.04e+108  3.28e+108  -1.96e+108  1.08e+108  -5.48e+107  2.56e+107  -1.1e+107  4.4e+106  -1.62e+106  5.5e+105  -1.73e+105  5.04e+104  -1.36e+104  3.39e+103  -7.83e+102  1.67e+102  -3.31e+101  6.06e+100  -1.02e+100  1.59e+99   -2e+98   -2e+98  1.59e+99  -1.02e+100  6.06e+100  -3.31e+101  1.67e+102  -7.83e+102  3.39e+103  -1.36e+104  5.04e+104  -1.73e+105  5.5e+105  -1.62e+106  4.4e+106  -1.1e+107  2.56e+107  -5.48e+107  1.08e+108  -1.96e+108  3.28e+108  -5.04e+108  7.11e+108  -9.22e+108  1.1e+109  -1.19e+109  1.19e+109  -1.1e+109  9.22e+108  -7.11e+108  5.04e+108  -3.28e+108  1.96e+108  -1.08e+108  5.48e+107  -2.56e+107  1.1e+107  -4.4e+106  1.62e+106  -5.5e+105  1.73e+105  -5.04e+104  1.36e+104  -3.39e+103  7.83e+102  -1.67e+102  3.31e+101  -6.06e+100  1.02e+100  -1.57e+99        0  
      0  6.39e+98  -4.31e+99  2.62e+100  -1.47e+101  7.64e+101  -3.65e+102  1.62e+103  -6.6e+103  2.49e+104  -8.71e+104  2.81e+105  -8.39e+105  2.31e+106  -5.87e+106  1.38e+107  -2.97e+107  5.91e+107  -1.08e+108  1.82e+108  -2.81e+108  3.98e+108  -5.17e+108  6.16e+108  -6.73e+108  6.73e+108  -6.16e+108  5.17e+108  -3.98e+108  2.81e+108  -1.82e+108  1.08e+108  -5.91e+107  2.97e+107  -1.38e+107  5.87e+106  -2.31e+106  8.39e+105  -2.81e+105  8.71e+104  -2.49e+104  6.6e+103  -1.62e+103  3.65e+102  -7.64e+101  1.47e+101  -2.62e+100  4.31e+99  -6.49e+98  7.93e+97  7.93e+97  -6.49e+98  4.31e+99  -2.62e+100  1.47e+101  -7.64e+101  3.65e+102  -1.62e+103  6.6e+103  -2.49e+104  8.71e+104  -2.81e+105  8.39e+105  -2.31e+106  5.87e+106  -1.38e+107  2.97e+107  -5.91e+107  1.08e+108  -1.82e+108  2.81e+108  -3.98e+108  5.17e+108  -6.16e+108  6.73e+108  -6.73e+108  6.16e+108  -5.17e+108  3.98e+108  -2.81e+108  1.82e+108  -1.08e+108  5.91e+107  -2.97e+107  1.38e+107  -5.87e+106  2.31e+106  -8.39e+105  2.81e+105  -8.71e+104  2.49e+104  -6.6e+103  1.62e+103  -3.65e+102  7.64e+101  -1.47e+101  2.62e+100  -4.31e+99  6.39e+98        0  
      0  -2.3e+98  1.61e+99  -1.01e+100  5.86e+100  -3.12e+101  1.53e+102  -6.95e+102  2.91e+103  -1.12e+104  3.99e+104  -1.31e+105  3.97e+105  -1.11e+106  2.86e+106  -6.78e+106  1.48e+107  -2.97e+107  5.48e+107  -9.28e+107  1.44e+108  -2.05e+108  2.68e+108  -3.2e+108  3.5e+108  -3.5e+108  3.2e+108  -2.68e+108  2.05e+108  -1.44e+108  9.28e+107  -5.48e+107  2.97e+107  -1.48e+107  6.78e+106  -2.86e+106  1.11e+106  -3.97e+105  1.31e+105  -3.99e+104  1.12e+104  -2.91e+103  6.95e+102  -1.53e+102  3.12e+101  -5.86e+100  1.01e+100  -1.61e+99  2.33e+98  -2.77e+97  -2.77e+97  2.33e+98  -1.61e+99  1.01e+100  -5.86e+100  3.12e+101  -1.53e+102  6.95e+102  -2.91e+103  1.12e+104  -3.99e+104  1.31e+105  -3.97e+105  1.11e+106  -2.86e+106  6.78e+106  -1.48e+107  2.97e+107  -5.48e+107  9.28e+107  -1.44e+108  2.05e+108  -2.68e+108  3.2e+108  -3.5e+108  3.5e+108  -3.2e+108  2.68e+108  -2.05e+108  1.44e+108  -9.28e+107  5.48e+107  -2.97e+107  1.48e+107  -6.78e+106  2.86e+106  -1.11e+106  3.97e+105  -1.31e+105  3.99e+104  -1.12e+104  2.91e+103  -6.95e+102  1.53e+102  -3.12e+101  5.86e+100  -1.01e+100  1.61e+99  -2.3e+98        0  
      0  7.3e+97  -5.3e+98  3.47e+99  -2.08e+100  1.15e+101  -5.8e+101  2.7e+102  -1.16e+103  4.56e+103  -1.66e+104  5.56e+104  -1.71e+105  4.87e+105  -1.27e+106  3.06e+106  -6.76e+106  1.37e+107  -2.56e+107  4.37e+107  -6.83e+107  9.78e+107  -1.28e+108  1.53e+108  -1.68e+108  1.68e+108  -1.53e+108  1.28e+108  -9.78e+107  6.83e+107  -4.37e+107  2.56e+107  -1.37e+107  6.76e+106  -3.06e+106  1.27e+106  -4.87e+105  1.71e+105  -5.56e+104  1.66e+104  -4.56e+103  1.16e+103  -2.7e+102  5.8e+101  -1.15e+101  2.08e+100  -3.47e+99  5.31e+98  -7.38e+97  8.59e+96  8.59e+96  -7.38e+97  5.31e+98  -3.47e+99  2.08e+100  -1.15e+101  5.8e+101  -2.7e+102  1.16e+103  -4.56e+103  1.66e+104  -5.56e+104  1.71e+105  -4.87e+105  1.27e+106  -3.06e+106  6.76e+106  -1.37e+107  2.56e+107  -4.37e+107  6.83e+107  -9.78e+107  1.28e+108  -1.53e+108  1.68e+108  -1.68e+108  1.53e+108  -1.28e+108  9.78e+107  -6.83e+107  4.37e+107  -2.56e+107  1.37e+107  -6.76e+106  3.06e+106  -1.27e+106  4.87e+105  -1.71e+105  5.56e+104  -1.66e+104  4.56e+103  -1.16e+103  2.7e+102  -5.8e+101  1.15e+101  -2.08e+100  3.47e+99  -5.3e+98  7.3e+97        0  
      0  -2.03e+97  1.54e+98  -1.05e+99  6.57e+99  -3.75e+100  1.96e+101  -9.39e+101  4.13e+102  -1.67e+103  6.23e+103  -2.13e+104  6.7e+104  -1.94e+105  5.15e+105  -1.26e+106  2.81e+106  -5.78e+106  1.09e+107  -1.87e+107  2.95e+107  -4.25e+107  5.6e+107  -6.72e+107  7.37e+107  -7.37e+107  6.72e+107  -5.6e+107  4.25e+107  -2.95e+107  1.87e+107  -1.09e+107  5.78e+106  -2.81e+106  1.26e+106  -5.15e+105  1.94e+105  -6.7e+104  2.13e+104  -6.23e+103  1.67e+103  -4.13e+102  9.39e+101  -1.96e+101  3.75e+100  -6.57e+99  1.05e+99  -1.55e+98  2.04e+97  -2.38e+96  -2.38e+96  2.04e+97  -1.55e+98  1.05e+99  -6.57e+99  3.75e+100  -1.96e+101  9.39e+101  -4.13e+102  1.67e+103  -6.23e+103  2.13e+104  -6.7e+104  1.94e+105  -5.15e+105  1.26e+106  -2.81e+106  5.78e+106  -1.09e+107  1.87e+107  -2.95e+107  4.25e+107  -5.6e+107  6.72e+107  -7.37e+107  7.37e+107  -6.72e+107  5.6e+107  -4.25e+107  2.95e+107  -1.87e+107  1.09e+107  -5.78e+106  2.81e+106  -1.26e+106  5.15e+105  -1.94e+105  6.7e+104  -2.13e+104  6.23e+103  -1.67e+103  4.13e+102  -9.39e+101  1.96e+101  -3.75e+100  6.57e+99  -1.05e+99  1.54e+98  -2.03e+97        0  
